b 5 16 17 28 30 31 32 33 34 35 62 89 90 91 93 94 95 97 98 99 100 101 104 105 106 107 108 109 110 113
b 9 55 56 57 58 59 60 61 66 70 71 72 373 374 375 376 377 378 379 380 381 382 383 384 397 398 400 401 402 405
b 0 81 82 83 84 88 404 418 419 420 421 423 424 427 428 429 432 433 434 435 436 438 439 440 441 442 443 64 68 69
b 1 11 12 13 14 15 74 75 76 77 78 79 80 85 86 87 92 96 102 103 111 112 120 121 414 461 462 464 465 467
b 2 18 19 20 29 125 127 128 129 131 132 133 134 135 136 137 138 139 140 141 143 144 145 146 147 148 149 150 151 181
b 6 21 22 23 24 25 157 158 159 160 161 162 163 164 165 166 167 168 169 170 171 172 173 174 175 176 177 178 179 180
b 0 189 190 191 192 193 195 196 197 198 199 200 202 203 255 256 257 265 268 277 26 27 43 182 183 184 185 186 187 188
b 0 44 54 65 67 334 335 336 337 338 339 340 342 343 365 366 367 368 369 370 371 372 391 392 395 399 403 406 409 411
b 4 36 37 40 63 73 201 243 244 245 246 247 248 249 250 251 253 254 258 259 260 298 304 306 307 308 309 310 311 312
b 7 38 39 41 42 45 48 252 261 262 266 267 269 271 273 285 286 288 291 293 294 295 296 297 314 315 316 317 318 319
b 8 46 47 49 50 51 52 53 299 300 301 302 303 305 328 329 344 345 346 347 348 349 350 351 352 353 354 355 356 357
c 5 114 115 116 117
c 16 118 119 122 123
c 17 124 126 130 142
c 28 152 153 154 155
c 30 156 204 209 210
c 31 211 212 214 215
c 32 216 217 218 219
c 33 220 221 222 223
c 34 224 225 226 227
c 35 228 229 230 231
c 62 232 233 234 235
c 89 236 237 238 239
c 90 240 241 242 385
c 91 386 387 388 389
c 93 396 448 449 450
c 94 451 452
c 9 407 408 410 412
c 55 422 425 426 430
c 56 431 437
c 64 444 445 446 447
c 68 474 476 477 480
c 69 481
c 1 468 470 471 472
c 11 473 475 478 479
c 12 482 483 484
c 2 194 205 206 207
c 18 208 213 485 486
c 19 487 488 489 490
c 20 491 493 494 495
c 29 496 497 499 502
c 125 503 504 506 508
c 127 509 510 512 513
c 128 518 520 521 522
c 129 523 524 525 526
c 131 527 528 529 530
c 132 531 532 533
c 6 263 264 270 272
c 21 274 275 276 278
c 22 279 280 281 284
c 23 287 290 292 498
c 24 500 501 505 507
c 25 511 514
c 26 282 283 289 492
c 27 515 516 517 519
c 0 413 415 416 417
c 44 459 460 463 466
c 54 469 535 536 537
c 65 538
c 4 313 333 341 390
c 36 393 394 453 454
c 37 455 456 457 458
c 40 539 540 541 542
c 7 320 321 322 323
c 38 324 325 326 327
c 39 330 331 332
c 8 358 359 360 361
c 46 362 363 364 534
