b 0 341 456 540 247 340 537 336 371 392 241 242 238 385 539 367
c 392 469
c 537 54 374 56
c 367 391
c 367 457 541 455 73 394
c 539 395
c 238 388 389 62 34 386
c 456 453 390 387 228 227
c 385 396
c 392 368
c 0 337 535
c 537 67 403
c 238 237
c 385 454 458 542
c 367 63
c 238 239 226 225 234 33
c 392 233
c 392 459
c 247 311 310 309 298 307
c 537 65
c 537 338 334 380 375
c 367 538
c 385 393
c 247 37
c 537 335 342 343 339 536
c 340 372 369
b 1 478 471 479 473 481 480 421 433 467 76 484
c 480 444 441 436 435
c 467 462 483 482
c 478 472 79
c 433 64
c 1 78 14 475 80
c 1 77 13 12
c 480 69
c 473 476 81 83 82 88
b 2 149 143 150 131 129 145 146 18
c 131 137 141 135 136
c 129 144
c 129 205 208 29 134
c 131 127 138
c 129 206 207 28 214 492
c 131 133 132 142
c 149 148 139 140 20 147
c 131 19
b 3 503 491 504 509 530 493 506 496 490 510 489
c 489 485 502 499 501
c 3 497
c 489 486 181 175 500 511
c 530 508 531 495 521 523
c 530 524 529
c 530 522 528 532
c 506 520 526 527 494 533
c 3 512 488 487 194 193
c 530 525 518 517 516 519
c 496 151 128 125
c 510 513
c 491 186
b 4 36 250 249 450 216 185 197 26 246
c 185 189
c 450 222 209
c 250 245
c 36 258 243 251
c 36 244
c 26 200
c 185 188
c 450 221 448 449
c 36 248
c 4 201
c 26 191 202
c 450 220 452 451
c 36 312 308 304
c 26 199 198
c 36 40 254 253 260 259
b 5 91 98 105 117 95 90 107 106 110 108 100 123 115 32 223 211 218
c 211 30 212 210 213 204
c 218 152 154
c 105 236 232 240
c 211 215 224
c 223 31
c 32 219
c 95 11 114 101
c 91 118
c 95 93 104 94
c 95 113
c 91 235 231 35 229 230
c 108 89
c 106 109 130 126 124 17
c 115 119
c 218 217
c 105 99
c 105 97
c 107 155 153 156
c 100 16
c 90 116 122
b 6 22 178 168 157 172
c 172 160 161 176
c 178 179 275 263 279
c 172 162
c 6 281 284 283 277
c 6 278 290 264 276
c 172 158 498 170
c 22 174 23
c 22 24
c 168 180
c 178 163 159 173 166
c 22 167 21 171 280
c 157 165 514 507 505
c 22 25
c 22 169 164 177
b 7 326 317 318 293 266 41 43 27 184 182 267 39 295 262 273
c 293 288 269
c 293 286 271 287 272
c 27 192 268 282 289
c 293 285 42 320
c 318 327 324 323 321 45
c 27 187 195
c 267 297
c 43 265 292 274 270
c 326 319 330 313 329 47
c 7 294 315 261 291 296
c 326 316 332 331 48
c 27 190 203 183 196 515
c 39 38 252 257 255 256
c 326 325 322
b 8 358 352 355 353 359 362 348 345 361 351
c 362 46 314
c 358 357 364
c 8 354 52 350 347
c 361 299 300 303
c 358 51
c 345 53
c 348 50 49 328 363 346
c 361 360 344 349 302 301
c 351 305 534 44 306 333
c 352 356
b 9 71 72 70 57 382 58 377 373 378 412 437 422
c 377 376 383
c 72 68
c 70 55 426 431 427 429
c 437 425 410 408 405 420
c 412 66 400 402 418 447
c 373 60 59
c 412 401 381 407 397 398
c 377 379 384
c 72 438 432 434 424 419
c 72 442 423 446 439 428
c 378 61
c 70 430
c 72 443 445 440 477
b 10 465 74 15 102 103 75 461 460 417 365
c 102 121 112 120 96
c 461 85 84 474
c 461 414
c 417 366 370
c 417 416 409
c 417 404
c 465 466
c 417 415 411 406
c 417 413
c 75 87
c 102 111
c 74 468
c 74 470
c 461 464
c 365 463
c 75 86
c 102 92
c 460 399
