b 0 341 456 540 247 340 335 54 537 342 371 237 393 539 367
c 537 338 334 380 375
c 342 343 339
c 54 374 56
c 367 63 394 541 455 73
c 237 242 392 368
c 367 459
c 367 391
c 54 67 398
c 539 395
c 537 336
c 367 457
c 0 337 535 536
c 371 370
c 456 458 390 453 228 219
c 537 65
c 247 311 310 309 298 307
c 237 229 231 35 230 227
c 456 542 454 387
c 237 226 225
c 367 538
c 342 372 369
c 247 37
c 237 234 224
b 1 78 484 86 479 473 476 481 480 421 433 87
c 86 483
c 480 69
c 78 14 475 80 79 472
c 480 441 436 435
c 484 478
c 1 77 13 12 11
c 476 81
c 473 471 83 82 88
b 2 148 139 131 19 145 146 18 149
c 131 133 132 142
c 131 127 136
c 131 134 207 28 214 492
c 139 140 137 141 135 138
c 146 143 150
c 148 20 147
b 3 503 504 509 508 525 530 493 506 520 144 496 486 513
c 486 502 499 501
c 520 526 527 494
c 508 518 519 186
c 486 181 175 500
c 508 529 524
c 530 522 528 532
c 486 489 485 511
c 144 129 206 205 208 29
c 486 151
c 504 491 487 194 193
c 508 531 495 521 533 523
c 3 488 512
c 496 128 125 517 516
c 3 497
c 486 510 490
b 4 36 40 244 246 249 449 216 185 197 200
c 200 191 202
c 185 188
c 40 258 243 251
c 36 250 245
c 40 254 248
c 40 312 308 304
c 4 201
c 200 26 199 198
c 449 450 220 448 452 451
c 185 189
c 36 260 253 259
b 5 98 105 117 95 106 110 108 100 16 123 119 115 118 32 211 218
c 95 93 116 122
c 108 89
c 105 99
c 95 113
c 211 222 209 221
c 95 90 104 94
c 95 114 101
c 32 223 31
c 105 232 240
c 106 107 155 153
c 106 130 17 156
c 211 215 388 389 62 386
c 211 34 385 396 409
c 211 33
c 211 30 212 210 213 204
c 106 124 126 109
c 218 152
c 218 154 217
c 106 91 235 239 238 241
b 6 178 174 23 179 172 281
c 178 163 159 173 166
c 172 158 161 176
c 172 507 514 165 498 505
c 172 160 157 170
c 178 168 180
c 174 24 290 276 279
c 172 162 284 283 277 289
c 174 167 21
c 174 169 164 177 171 280
c 6 278 271 287 272 274
c 174 22 25
c 281 275 263 264
b 7 294 319 315 320 318 293 266 41 43 282 27 184 182 267 38 295 262 273
c 318 327 324 323 321 45
c 293 286 288 269 42
c 318 317
c 38 39 252 257 255 256
c 319 330 313 329 47
c 27 190 203 183 196 515
c 319 316 325 332 48
c 319 326 331 322
c 27 192 187 195
c 282 268 265 292 270
c 293 285
c 267 261 291 296
c 315 297
b 8 358 355 353 359 362 348 345 361 351
c 361 360 344 349
c 362 46 314
c 358 352 356
c 8 354 357 364
c 345 53
c 351 52 350 347
c 348 50 49 328 363 346
c 361 301 299 300 303 302
c 351 305 534 44 306 333
c 358 51
b 9 71 72 422 70 57 382 58 377 373 378 412 437
c 377 376 383
c 373 60 59
c 377 379 384
c 72 443 445 440 477 444
c 378 61
c 412 400 402 408 447 419
c 412 66
c 72 68
c 70 430
c 412 401 381 407 403 397
c 72 442 423 446 439
c 70 55 426 429 428 427
c 422 431
c 437 425 410 405 418 420
c 72 438 432 434 424
b 10 465 74 15 102 103 75 461 460 417 416 366 469
c 102 121 112 120 96
c 461 85 84 474
c 417 411 406
c 102 111
c 417 415 404 64 414 399
c 102 92
c 465 470 466 233
c 461 467 462 482
c 461 76 468 236 97
c 417 413 365 463
c 461 464
