b 0 341 456 540 247 340 537 54 342 371 237 393 539 367
c 537 338 334 380 375
c 342 343 339
c 54 374 56
c 367 63 394 541 455 73
c 237 242 392 368
c 367 459
c 367 391
c 54 67 398
c 539 395
c 537 336
c 237 226 225
c 367 457
c 367 538 372 369
c 0 337 535 536
c 371 370
c 456 458 390 228 219
c 537 65
c 247 311 310 309 298 307
c 237 229 231 35 230 227
c 537 335
c 237 387
c 456 453 542 454
b 1 78 484 86 479 476 481 480 421 433 87
c 86 483
c 479 473 471 83 82 88
c 480 69
c 78 14 475 80 79 472
c 480 441 436 435
c 484 478
c 1 77 13 12 11
c 476 81
b 2 148 139 131 19 146 18 149
c 131 133 132 142
c 131 127 136
c 131 134 207 204 214 492
c 139 140 137 141 135 138
c 146 143 150
c 148 20 147
c 146 145
b 3 503 504 525 508 530 520 144 496 486 513
c 486 502 499 501
c 520 526 527 494
c 508 518 519 186
c 504 509
c 486 181 175 500
c 508 529 524
c 530 522 528 532
c 486 489 485 511
c 504 506
c 530 493 533
c 144 129 206 205 208 29
c 486 151
c 504 491 487 194 193
c 508 531 495 521 523
c 3 488 512
c 513 510 490
c 496 128 125 517 516
c 3 497
b 4 36 40 246 249 449 216 185 200
c 200 191 202
c 185 188
c 40 258 243 251
c 36 250 245
c 40 254 248
c 40 312 308 304
c 4 201
c 200 26 199 198
c 449 450 220 448 452 451
c 185 189
c 185 197
c 40 260 253 259
c 36 37
c 40 244
b 5 98 105 117 95 106 110 108 100 16 115 32 211 218
c 95 93 116 122
c 108 89
c 106 126 152
c 105 99
c 95 113
c 211 222 209 221
c 106 154 217
c 95 90 104 94 107
c 95 114 101
c 32 223 31
c 105 232 240
c 106 124 155 153
c 115 118
c 115 119
c 100 123
c 211 234 224
c 106 130 17 156
c 211 215 388 389 62 386
c 211 34 385 396 409
c 211 33
c 211 30 212 210 213 28
c 106 109
c 5 91 235 239 238 241
b 6 178 174 23 179 172
c 178 163 159 173 166
c 172 158 161 176
c 172 507 514 165 498 505
c 172 160 157 170
c 179 263 264
c 178 168 180
c 174 24 290 276 279
c 172 162 284 283 277 289
c 174 167 21
c 6 275 281
c 174 169 164 177 171 280
c 6 278 271 287 272 274
c 174 22 25
b 7 315 319 320 318 293 266 41 43 282 27 184 182 267 38 295
c 318 327 324 323 321 45
c 293 288 269 42
c 318 317 325
c 38 39 252 257 255 256
c 319 330 313 329
c 319 47
c 27 190 203 183 196 515
c 319 316 332 48
c 319 326 331 322
c 295 273 294
c 27 192 187 195
c 295 262
c 267 297
c 282 268 265 286 292 270
c 293 285
c 267 261 291 296
b 8 358 355 353 359 362 348 345 361 351
c 361 360 344 349
c 362 46 314
c 358 352 356
c 8 354 357 364
c 345 53
c 351 52 350 347
c 348 50 49 328 363 346
c 361 51
c 361 301 299 300 303 302
c 351 305 534 44 306 333
b 9 71 72 422 70 57 382 58 377 373 378 412 437
c 377 376 383
c 373 60 59
c 377 379 384
c 72 443 445 440 477 444
c 378 61
c 412 400 402 408 447 419
c 412 66
c 72 68
c 70 430
c 412 401 381 407 403 397
c 72 442 423 446 439
c 70 55 426 429 428 427
c 422 431
c 72 438 432 434 424
c 437 425 410 405 418 420
b 10 465 15 102 103 75 461 460 417 366 469
c 417 416
c 102 121 112 120 96
c 461 85 84 474
c 417 411 406
c 102 111
c 417 415 404 64 414
c 102 92
c 461 467 464
c 465 466 74 470 233
c 461 462 482
c 460 399
c 461 76 468 236 97
c 460 413 365 463
