b 0 540 247 254 260 309 306 335 342 341 456 542 63 457 73 367
c 306 44 333 340
c 309 534
c 457 394 541
c 367 391
c 254 248 243 258 244
c 254 40 312 308 304
c 306 334
c 342 343
c 367 368
c 260 259 311 310
c 0 535 337 536
c 309 298 307
c 260 253 245
c 63 393 395
c 457 455
c 342 339
c 367 372 369
b 1 75 85 84 474 476 81 88 80 79 484
c 88 82 436 432 438 419
c 85 433
c 75 86 483 482
c 80 475
c 1 77 13 12 11
c 79 78 14
c 476 481 480 69 421
c 484 478 472
c 81 83 479 473 471
c 88 439 440 424 441 442
c 85 414
b 2 148 139 140 131 129 145 149
c 131 133
c 145 146 18
c 131 127 137 135 136 138
c 131 19
c 140 20 147
c 145 150
c 145 143
c 140 141
c 129 144 151 128 125
b 3 506 520 490 513
c 506 522 495
c 490 510
c 506 530 525 508 518 519
c 3 512 502 499
c 520 181 175 500 511
c 3 488 487 194 193
c 520 496
c 520 527 494
c 3 497 501 176
c 513 489 486 485
c 520 526 517 516 515
c 3 503 491
c 3 504 509 493 521 523
c 520 206 205 208 29 134
b 4 200 453 452 450 185 197 246
c 450 216 492 529 524
c 4 201 202 184
c 246 249
c 450 448 449 387 539 459
c 450 220
c 185 189
c 185 188
c 453 390 454 458
c 200 191
c 452 451 389 388 385
c 246 36 250 37
c 185 186 531 533 532 528
c 197 26
c 200 199 198
b 5 106 223 211 209 222 34 234 229 231 98 105 117 120 93 104 124 107 116 108 100 16 119
c 106 32 219 218 217
c 119 115 118 235
c 124 109 130 126 142
c 104 155 153 152 154
c 234 225 226 239 240
c 104 90 113 114 101
c 223 31
c 104 94 156 132 207 204
c 108 89
c 124 17
c 105 99
c 234 33 227
c 234 241 242
c 105 97
c 234 62 238 237 396
c 234 386
c 209 30
c 5 35 230 214 221
c 105 232
c 231 91
c 16 123
c 116 122
c 222 215 224 228
c 5 110
c 120 95
c 211 212 210 28 213
b 6 178 168 169 23 157 172 179 278 276 275
c 178 163
c 172 162
c 169 173 166
c 6 24
c 275 263 281 284 283 277
c 169 177
c 23 159 170 498 505
c 169 174 167 22 25
c 169 164 171 21 280
c 157 165 507 514
c 172 160 158 161
c 276 274 272 271
c 179 180
b 7 43 192 27 182 267 297 293 318 317 316 324 315
c 192 268 282
c 27 183 195
c 192 265 264 270 269 279
c 316 325 314 322
c 293 42 320
c 316 332 331 326 319 330
c 182 256 255 257 251
c 293 285 288
c 192 187 196
c 267 261 291 296
c 316 48 47
c 317 323 321 45
c 293 289 286 287 292 290
c 267 39 38 313 329
c 7 294
c 318 327 266 41
c 267 252 295 262 273
c 27 190 203
b 8 52 301 363 49 345 360 351
c 301 302 299 300 303
c 52 350 347
c 49 328
c 49 50 348 362 46
c 363 346
c 363 53
c 360 361 344 349
c 8 51 358 352 355 356
c 52 305
c 351 354 357 364 353 359
b 9 70 373 66 400 67 403 398 408 412 437 422
c 67 374 56
c 67 54 537 338
c 70 430 71 72 68
c 373 379 384
c 67 65 336 409 371 370
c 9 443 435
c 373 383
c 408 418
c 403 397 407 381 380 375
c 70 57 382 58 377 376
c 408 447 446 445 477 444
c 408 434 423 427 429 428
c 373 378 61 401
c 70 55 410 405 420
c 408 425
c 373 60 59
c 422 431
c 400 402
c 412 426
b 10 465 74 102 103 461 460 417 469
c 417 404 64
c 102 111
c 74 15 92 112
c 461 467 462
c 103 87
c 417 415 411 406
c 417 416 392 538
c 102 121 96
c 417 365 463
c 460 413
c 465 470 466 233
c 417 366
c 461 76
c 460 399
c 460 464
c 74 468 236
