b 1 484 75 462 85 467 76 74 15 10 417 461 86 479 476 478 472 79
c 75 87 77 14
c 417 416 409
c 15 92 112
c 417 411 406
c 10 465 466 470 468
c 85 84 474
c 417 365 463
c 461 460 399
c 476 81 446
c 476 481 480 69
c 417 366 391 392 393
c 417 415 404 414
c 462 483
c 85 421 433 64
c 479 473 83 82 88
c 85 464
c 79 78 13 12 11
c 15 102 121 111
c 15 103
c 79 80 475
c 417 413
c 479 471
c 75 482
b 3 503 530 506 134 131 145 2 128 510 489 497 501 176 172 6 168 22 23 164 171 169 157 165 514 488
c 6 278 276 279
c 22 25
c 488 194 193 515 186
c 530 493 509 504 520
c 131 133
c 172 162
c 530 529 492
c 22 280
c 23 159 173 166
c 145 146 129 205 208 29
c 131 132
c 145 143 150
c 131 137 139 20 147
c 530 495 521 494 527 526
c 530 522 528 523
c 6 275 281 284 283
c 22 174 24 287 286 289
c 145 144 18
c 6 263 277
c 165 161
c 530 525 508 518
c 6 274 272 271
c 488 487
c 172 179 178 163
c 128 125
c 168 180
c 131 141
c 488 517 516 519
c 510 513
c 165 498 505
c 6 290 292
c 172 160
c 171 21
c 510 490 486 181 175 500
c 510 511 485 502 499 507
c 22 167
c 134 207 204 212 448 215
c 503 531 533 532 524
c 172 158
c 134 19 135 136 127 138
c 134 206
c 3 491
c 2 151 149 148 140
c 3 512
c 145 496
c 157 170
c 171 177
b 5 91 98 105 95 93 104 124 106 110 108 100 115 118 235 231 35 239 226 234 211 31 32
c 211 214 221
c 124 17 156
c 124 126 142 154
c 35 240 233 459
c 95 96
c 95 122
c 108 89
c 32 223
c 106 218 217 152
c 104 94
c 32 219
c 234 34 210 213 28
c 226 242
c 104 90 113
c 100 123
c 104 153 155
c 124 109 130
c 234 224
c 35 230
c 226 62 389
c 35 229
c 211 30
c 105 117 120 114 101
c 234 228 227 33
c 226 396 454
c 100 16
c 115 119
c 98 99
c 226 237 238 241
c 105 97 236 232
c 226 225
c 104 107
c 93 116
b 7 256 201 246 4 36 253 458 453 450 216 185 191 203 27 39 295
c 450 220
c 7 297
c 36 40 254
c 191 202
c 185 189
c 36 243 258 312 308 304
c 39 38 313 321 45 320
c 7 261
c 39 294 47
c 27 187 268 282 43
c 7 293 285 288
c 256 251
c 450 222 209
c 185 188
c 295 262 273 315 319 326
c 27 192 265 264 270 269
c 36 248
c 256 255
c 191 200 199 198
c 27 184 182 267 296 291
c 39 252
c 7 318 317 327
c 7 266 41
c 27 190
c 36 250 245
c 246 249 452 451
c 256 257
c 201 26 390
c 203 195
c 36 244
c 185 197
c 295 331 332 325 314
c 450 449 386 388 387 385
c 203 183 196
c 253 37 260 259
c 256 330 48
b 0 337 372 367 457 541 341 247 311 310 44 338 305 351 8 358 355 353 359 345 50 53 349 302 306 336 342 339 456 542 539
c 541 455 73
c 50 328 363 346
c 367 368
c 50 322 316 324 323 42
c 539 395
c 336 54 56
c 367 63
c 457 394
c 310 298
c 349 344 299 300 303
c 342 343 340
c 358 364 357 356
c 306 334
c 50 348
c 539 469
c 50 49
c 367 538
c 456 540
c 337 535 536 371 370
c 359 362 46
c 372 369
c 306 333
c 310 309 307
c 306 534
c 8 52 301 329
c 8 354 350
c 336 335
c 358 352
c 8 347
c 336 65
c 53 360 361 51
c 336 537 403 67 374
b 9 71 72 422 70 373 378 412 437 431
c 373 60 59
c 412 66 400 402
c 72 68
c 70 57 382 58
c 373 384
c 72 442 441 436 440 444
c 72 435
c 431 438 434 424 423 477
c 437 425 410 408 405
c 373 61 381 397 398
c 378 401 407 380 375
c 412 418 420
c 70 430 432 447 419
c 72 443 429 428 439 445
c 70 55 426
c 373 379 377 376 383
c 431 427
